1000 200
13
62
79
15
52
13
64
12
22
26
71
76
49
73
96
91
6
23
77
9
7
82
41
4
39
25
79
48
55
99
51
54
95
6
50
21
10
23
37
8
36
57
97
70
86
67
61
47
84
35
86
28
36
65
44
97
26
1
5
50
58
29
32
75
9
15
56
80
72
73
37
42
67
94
66
24
48
94
1
19
58
81
60
14
28
51
59
14
39
4
76
15
47
30
54
58
44
61
7
67
62
45
86
47
78
34
95
47
63
59
26
19
2
14
27
64
16
97
50
11
60
33
8
81
72
92
69
86
64
73
3
31
92
63
26
97
32
15
93
33
97
23
13
41
90
62
32
16
21
1
69
42
47
79
50
54
36
20
78
26
93
51
72
34
82
21
88
95
51
100
50
81
26
65
65
89
52
66
6
11
4
56
58
27
44
36
68
100
43
85
46
23
29
21
11
69
19
18
10
66
22
81
42
75
77
2
3
31
30
68
3
56
23
89
3
80
78
8
9
74
45
61
7
7
91
74
91
44
25
71
52
13
62
44
2
38
65
72
42
93
96
80
78
47
3
20
36
36
99
98
57
4
10
48
84
16
2
2
39
91
46
96
84
32
8
75
82
17
22
57
75
17
84
39
76
42
25
93
68
31
9
34
64
1
75
88
10
88
34
86
73
87
10
75
66
23
42
48
89
87
65
42
52
92
21
7
72
4
85
95
52
93
69
12
14
24
20
49
43
55
82
39
55
100
6
86
20
34
13
64
78
34
59
2
100
45
58
44
22
25
59
15
65
47
55
12
29
14
21
91
80
26
36
81
65
99
6
69
78
70
26
81
100
23
3
6
42
82
56
19
31
18
38
60
89
1
65
34
92
26
3
62
99
37
48
51
37
1
17
8
8
79
93
89
6
16
17
10
76
89
25
69
66
80
32
50
16
7
3
70
65
91
57
33
92
77
60
8
79
5
92
29
90
50
86
42
47
57
57
41
16
7
59
86
60
59
94
23
61
13
59
21
100
2
75
74
44
19
47
67
46
73
72
74
7
30
76
13
89
24
39
40
43
55
70
56
83
92
54
33
61
59
76
91
28
42
84
40
61
27
94
35
14
20
70
60
73
65
15
11
54
88
93
79
38
3
63
70
56
93
14
34
17
9
87
76
51
46
40
14
63
92
75
24
6
51
18
43
97
14
67
66
48
19
63
25
3
7
99
10
54
7
50
32
50
18
17
57
58
3
52
47
31
67
41
44
56
87
31
83
60
9
63
97
68
89
29
78
91
55
13
23
9
5
31
85
19
26
97
4
73
26
61
44
62
99
8
3
59
74
12
3
93
79
25
8
84
6
59
18
62
99
1
6
15
67
22
95
62
94
78
95
75
36
52
60
5
40
49
26
76
68
11
20
61
3
29
3
17
48
79
71
25
13
53
43
21
69
25
89
83
47
57
78
22
38
14
57
18
84
12
55
40
18
41
54
93
53
64
84
63
62
24
41
79
20
94
37
30
56
65
81
78
71
53
99
11
24
60
14
20
97
75
53
31
9
3
36
55
22
44
94
18
89
77
1
91
36
16
98
72
46
35
9
97
1
1
22
46
69
4
9
94
5
43
17
7
61
96
76
15
33
7
78
87
32
71
83
82
43
80
46
11
76
46
92
92
98
19
95
45
51
75
83
29
34
1
73
68
14
45
18
50
33
23
46
46
23
15
7
83
88
57
95
66
96
57
36
83
53
73
76
74
6
72
54
5
62
72
39
35
78
66
15
15
28
24
14
34
74
39
62
77
70
66
6
100
84
20
6
80
4
77
44
23
3
35
15
8
39
7
61
92
73
69
28
54
70
95
8
66
68
92
76
58
33
5
65
27
83
50
59
19
42
35
51
12
60
95
35
12
1
94
14
87
74
27
13
5
44
73
81
50
84
47
44
100
76
10
5
71
83
57
44
36
73
48
80
18
28
46
76
34
35
33
2
34
84
85
95
45
3
59
28
57
17
23
99
62
92
96
9
7
48
33
19
91
100
92
64
44
62
53
78
73
36
25
54
45
69
3
3
55
73
5
7
76
54
34
73
13
85
66
59
54
74
2
8
83
85
20
22
17
12
96
20
3
23
36
47
29
39
47
73
26
26
10
54
5
8
9
36
23
2
21
70
30
41
97
91
61
26
47
97
72
4
12
42
10
70
62
37
73
60
65
2
92
70
22
83
63
15
77
38
92
100
1
46
32
40
82
83
87
86
44
9
68
64
54
27
84
22
39
78
17
25
59
81
4
24
